116 	 205	 248	 32	72  	  218	  182	  136	  85	  223
189 	 15	 119	 197	32	  69	  145	  17	  13	  118
192 	 235	 110	 193	19	  81	  36	  216	  103	  71
64	 249	 136	 55	250	  49	  112	  130	  82	  209
98	 232	 208	 29	99	  160	  176	  192	  153     228
22	 199	 242	 173	75	  182	  124	  152	  59	  208
43	 253	 194	 120	233	  253	  6	  213	  6	  213
70	 98	 58	 44	227	  101	  151	  89	  194	  41
126  	 206	 132	 254	146	  158	  175	  202	  175	  35
107      45	 49	 106	182	  76	  112	  59	  87	  147

            images integral 
									
116	   321	 569	 601	 673	  891	  1073	1209	 1294	  1517
305  	   525	 892	 1121	 1225	  1512	  1839	1992	 2090	  2431
497	   952	 1429	 1851	 1974	  2342	  2705	3074	 3275	  3687
561	   1265	 1878	 2355	 2728	  3145	  3620	4119	 4402	  5023
659	   1595	 2416	 2922	 3394	  3971	  4622	5313	 5749	  6598
681	   1816	 2879	 3558	 4105	  4864	  5639	6482	 6977	  8034
724	   2112	 3369	 4168	 4948	  5960	  6741	7797	 8298	  9568
794	   2280	 3595	 4438	 5445	  6558	  7490	8635	 9330	  10641
920	   2612	 4059	 5156	 6309	  7580	  9364	10034	 10904	  12250
1027	   2764	 4260	 5463	 6798	  8145	  9364	10770	 11727	  13220
